db 0,0,0,0,0eh,0eh,2,2,2,2,2,2,0,0,0
db 0,0,0,0,0eh,0eh,2,2,2,2,2,2,0,0,0
db 0,0,0,0,2,0,0,2,2,0,0,2,0,0,0
db 0,0,0,0,2,2,2,2,2,2,0eh,0eh,0,0,0
db 0,0,0,0,2,2,2,0,0,2,0eh,0eh,0,0,0
db 0,0,0,0,2,2,0,2,2,0,2,2,0,0,0
db 0,0,0,0,0,0,2,2,2,2,0,0,0,0,0
db 0,0,0,2,2,2,2,0eh,0eh,2,2,2,2,0,0
db 0,0eh,0eh,0eh,2,2,2,0eh,0eh,2,2,2,2,2,2
db 0,0eh,0eh,0eh,2,0,2,0eh,0eh,2,0,2,2,2,2
db 0,0,0,0,0,0,2,0eh,0eh,2,0,0,0,0,0
db 0,0,0,0,0,0,2,2,2,2,0,0,0,0,0
db 0,0,0,2,2,2,2,0,0,2,2,2,2,0,0
db 0,0,0,2,0eh,0eh,2,0,0,2,0eh,0eh,2,0,0
db 0,0,0,2,2,2,2,0,0,2,2,2,2,0,0
